175624200
220450829
3325263897
412794906
2562908200
358477868
185671730
3083792440
2402181180
416161855
519852098
3238330442
1668571230
261816444
3388493950
906502273
1394942084
62279814
330887322
345206945
348135588
2163458221
2149519540
19738805
2311958718
633376962
1033363650
547029186
2664505542
1943802060
266973394
2579779802
783380707
311075044
3098165482
55439601
193675506
196182278
1963667720
123515152
328143124
1957896474
963387680
3102171427
2713698602
16458030
47137076
3058786624
855413058
2545004874
403145035
718225759
416907619
3064562019
385167721
255250794
3036213629
1423475070
1316311423
1891115394
2249867654
456343943
566890890
2612388234
15819148
288227725
106484110
3291255183
2497139088
2511278488
2305126813
2411762078
3313615264
58200497
18727347
590389683
3327082933
2355831228
2778141120
3150590400
826384838
183050704
711565780
363553237
108098006
3157479895
63119832
2597339612
2894545373
750502368
145871331
3341423081
473244141
3059536370
2688946674
151859708
2416517628
2973913599
1080689160
3024519688
240771596
3440206353
2611647003
3197411867
16900640
1018954284
776184367
384012864
1702470210
440508996
2718642758
393093708
3353399898
2279826015
3425882722
2296803947
122819180
324592242
193675892
231322236
3271991935
3403436681
1508258456
30462618
324129442
2863657635
2612937380
216146597
1121252012
345993907
194355896
2454405816
3387527866
21447363
3305378505
1271136974
753758930
217834196
360551126
890069719
293860065
2588803824
2367828721
1865470706
3392316149
77103868
288588549
388502277
2327245582
972817171
15938327
906392348
2247582493
3433644839
96256810
3494994739
232907575
2962465598
569938751
25793344
521454404
1323602762
595157835
133870413
177091406
114742095
1398756175
23151437
357315410
833430354
3239269208
254186331
3430765413
207033192
2941227881
2872349554
341762940
350458754
1051779972
287904648
731800460
185525138
260826006
192029594
24109979
1253262236
245932966
333681575
56583081
2753991594
8369072
3370791861
288863165
2616542144
1961886662
1406661590
480080863
60998626
3161240561
140116980
3265897460
3292693495
2766083068
371590141
1726477310
620762112
558363650
2244371460
193577994
342848552
335029290
1345193010
3095688247
3471656000
7861312
388445255
3106362448
213312612
3359851
2506081388
2939683951
52847728
2304791665
2431845505
21378183
391566474
1135477909
2246780060
38192297
1217754282
221340863
227538114
2498397392
157525207
3432776925
2490287334
157349102
3139241198
2431833348
2174727435
2354640142
396772623
414172436
24585498
140076315
411870493
791262494
2395583792
334869810
177882435
1271129412
1936495952
1240261969
544269657
2822317402
404485468
718464350
3255629155
1403782500
64488804
140105066
27301234
2931713405
723424640
2842465665
546469258
48485771
3044885906
2834421140
92689816
63485337
801166746
816612762
294933924
447669669
1930937774
2209838514
625276341
2292524472
256296377
92210631
3097961939
468833749
27502043
2971641311
2321896927
2736412127
2379359714
3497567716
10671602
19150324
1967810047
259089927
1273038344
39564811
709690897
1252824596
547583511
3308955162
2525795874
3232552482
3167721006
83691058
2936403514
449160764
3039815228
3290420801
1465230924
3375740493
2557521
1421649492
2939229785
2334152282
3352950364
164501099
17372783
22976125
66500235
2533013143
2419144344
3381270172
2935387818
558610093
287659716
627562186
81422029
1232197327
311731920
272676562
1611122390
1683523286
332011222
2751882973
543844065
1927980769
109131496
27195114
781223659
554940152
572024575
56768257
2879915777
462255875
2840979204
6039302
931219213
2336057101
26257166
1365387026
1037043476
628651806
1027192610
207333157
17123112
2497414952
2168145710
1401349934
1969542966
346879832
172652376
2784843611
1090434908
100808540
1083086684
185059178
411068268
264922989
2825820012
858552175
405698416
5162861
3386857335
3225970555
3035248514
911001506
311048099
1567111081
2608576436
1230792631
1888380860
3299870657
3116824513
1587058626
2268411842
17115086
595990481
284018652
2586773478
535861228
3307866096
342906882
2714613787
257591333
1120163887
513493043
415754294
2477320253
19343423
428800063
230561855
2161883208
217675854
212764756
3197102164
545106015
2329700463
1908889716
2834147446
1111341175
2489153658
3406309499
205596796
151304323
272144527
24742040
2183399580
618289309
94009502
2295285918
2394441889
67528873
360265905
167229618
2416007346
259053759
427956426
546465995
1014454477
3319425232
593332433
3436288213
131803350
944576730
3033549018
1017288924
3244955868
813286
465447167
1961195778
2147584258
391428360
3202087197
347023646
2764392733
3138554150
461351207
222202153
105670954
2799221034
504932653
2474649902
2875087149
347015472
428333
1642494258
2513488189
3432999231
629958977
3063703876
372652364
2898594124
2410551633
293243227
21154146
2396793186
3068070250
3427891589
2411387270
187681160
23083404
2743724431
606079392
2335582627
3128801701
2267867564
370923950
587848111
3292113327
2954262961
224819632
1046174130
811129267
21842357
894421428
1689618870
1536612792
3128699322
2852956602
3018324414
2835265992
3194747341
576113108
2430708188
2601572839
2167593451
3474536956
212847101
1178487294
2269350398
2268690944
15485441
43325967
611494423
708200984
2278300189
2802928172
2171558454
2794707510
106953286
1366493766
3031046729
3131587145
326335054
558479952
65944151
483412571
228567651
42920554
3222960750
41167472
1613785724
461806211
3346524815
1061808799
359934627
387979942
3152259754
3146517168
1478199992
3200436924
228797120
760875721
2854984399
393095898
54287071
3320847084
489822966
3436010237
60467979
781101840
992963360
1476057888
2469575467
2324859692
2200333105
289590073
720657211
259013445
2249481030
3299814215
385203022
125463375
898853714
1297795928
368077660
3046792042
1309551469
2606205812
3281021826
2572508036
393599880
3247016845
1964399504
1919183773
2424605600
2902989728
1328720802
3166862244
3069287332
57568171
591961008
454319025
2644728767
2919537601
2858068935
844544988
443616223
1314356191
280234981
2810014694
3496840172
15846407
27618312
3214814218
611793931
305798161
3161201690
25365536
3481955362
801999913
267344943
3298450495
2984885314
254188613
245521477
323644494
289459291
144837727
928291939
582990950
3046116459
3413384299
2785336429
443071598
285801587
2540420220
3201252478
1244695681
2973543553
201215110
2659523720
958311564
154991762
1244458130
3322870932
3081284757
160103576
2647821489
3245128882
2310843571
3560852657
546467003
345808059
951344317
2877889728
3571707076
3032702149
2901626052
2352127176
2682232010
37674194
721394899
2512891093
232508634
231193823
1335520482
1373560040
28003564
1411697900
117652722
3239169267
42921216
2357918977
3233160450
2500885764
252472594
965651732
2805398804
3025612054
377093403
68521245
218463525
590163238
374471975
337898793
2198900011
1833561392
203296049
2792635698
349494585
26565946
32615739
733822267
2441190715
23829822
731790661
2844634438
3332812105
25521487
3168734545
411884885
3148934491
1468124509
1696734564
252890468
2905828709
2446605680
3083439474
2538442098
2424311154
3138727283
338664822
191126907
2752372094
73940352
2296221059
848649608
394247562
3201826191
281460114
2784529820
2430553507
1380621738
30563759
1132608944
1917668784
1555164594
263515580
742661564
3193069001
48442826
468970958
3265912274
3177950693
3102944751
2278911472
2991422980
63872521
847916556
215318031
2233544209
1092959761
2691300882
831045140
3077152298
3296280122
384888385
2837556807
15674961
890027616
103915107
2953653860
733716074
2358021744
217550451
101744264
1714310796
2278219424
67772073
2752405161
3292171947
3068681906
419966645
379768504
3187797690
1275059899
876998334
1387843262
1401663176
2187755208
3437690572
724487892
2409709272
25784027
31010533
1411550953
2327256809
516755179
855830258
219721462
3369758465
1541484302
3068808974
967130905
2793266969
3243474721
911720238
2775371571
3278098230
78987071
520580930
30056262
2218889052
3386302300
789319518
2694913885
2783330149
3027218287
2575806329
3226902394
2475786108
1583452033
3043032969
31289227
1041461131
2907594637
1051176847
3103936400
3166072737
2745712545
117764002
470605739
3317890987
2238541740
29130669
2433204145
599740341
734306232
2379911101
3083583427
362520529
561360857
3167391706
477130720
148119523
17919972
2362675172
3300986855
291917810
622854132
145453045
2183364607
