2183364607
342906882
175624200
220450829
3325263897
412794906
2714613787
257591333
2562908200
358477868
1120163887
185671730
513493043
415754294
3083792440
2402181180
2477320253
230561855
19343423
428800063
519852098
416161855
2161883208
3238330442
2565472332
217675854
212764756
3197102164
1668571230
545106015
2329700463
3296598131
1908889716
2834147446
1111341175
2489153658
205596796
3406309499
261816444
3388493950
906502273
151304323
1394942084
62279814
272144527
24742040
330887322
618289309
94009502
2183399580
2295285918
345206945
1589629086
2394441889
348135588
67528873
2163458221
360265905
167229618
2416007346
2149519540
19738805
1576274108
2311958718
259053759
633376962
1033363650
547029186
2664505542
427956426
546465995
1943802060
1014454477
922302668
593332433
266973394
3319425232
131803350
3436288213
944576730
2579779802
1017288924
3033549018
3244955868
783380707
311075044
813286
3098165482
55439601
193675506
465447167
1961195778
2147584258
58200497
196182278
391428360
1963667720
123515152
328143124
1957896474
347023646
3202087197
963387680
2764392733
3102171427
3138554150
461351207
222202153
105670954
2713698602
2799221034
504932653
16458030
2474649902
347015472
2875087149
1642494258
428333
47137076
2513488189
3432999231
629958977
3058786624
855413058
3063703876
403145035
372652364
2545004874
2898594124
2410551633
293243227
718225759
21154146
416907619
3064562019
2396793186
385167721
255250794
3068070250
3036213629
1316311423
1423475070
1891115394
3427891589
456343943
187681160
2411387270
566890890
2612388234
2249867654
288227725
106484110
15819148
2743724431
2497139088
3291255183
23083404
2511278488
2305126813
2411762078
606079392
3313615264
384016804
2335582627
3128801701
2267867564
370923950
587848111
3292113327
224819632
1046174130
811129267
894421428
18727347
1689618870
3327082933
1536612792
590389683
2954262961
3128699322
2852956602
2355831228
21842357
3018324414
2778141120
3150590400
826384838
2835265992
3194747341
183050704
576113108
711565780
108098006
363553237
63119832
3157479895
2597339612
2894545373
2430708188
750502368
145871331
2601572839
3341423081
2167593451
473244141
3059536370
2688946674
151859708
3474536956
1178487294
2269350398
2973913599
2268690944
2416517628
212847101
15485441
1080689160
3024519688
240771596
43325967
3440206353
611494423
708200984
2611647003
3197411867
2278300189
16900640
1018954284
2802928172
776184367
2171558454
2794707510
384012864
1702470210
440508996
106953286
2718642758
1366493766
3031046729
3131587145
393093708
326335054
558479952
151247445
65944151
3353399898
483412571
2279826015
228567651
3425882722
42920554
2296803947
122819180
3222960750
41167472
324592242
193675892
1613785724
231322236
3271991935
461806211
3403436681
3346524815
1508258456
624319130
30462618
1061808799
324129442
359934627
2863657635
216146597
387979942
2612937380
3152259754
1121252012
3146517168
345993907
2503766709
194355896
1478199992
2454405816
3387527866
3200436924
228797120
21447363
760875721
3305378505
1271136974
2854984399
753758930
217834196
360551126
890069719
393095898
54287071
293860065
3320847084
2588803824
2367828721
1865470706
3392316149
489822966
77103868
3436010237
288588549
388502277
2851572487
60467979
2327245582
781101840
972817171
15938327
906392348
2247582493
992963360
1476057888
3433644839
96256810
2469575467
2324859692
2200333105
3494994739
232907575
289590073
720657211
2962465598
25793344
569938751
521454404
259013445
2249481030
3299814215
1323602762
595157835
133870413
385203022
114742095
125463375
1398756175
357315410
177091406
833430354
898853714
23151437
1297795928
3239269208
254186331
368077660
3430765413
207033192
2941227881
3046792042
1309551469
2872349554
2606205812
341762940
350458754
3281021826
1051779972
2572508036
393599880
287904648
731800460
3247016845
1964399504
185525138
260826006
192029594
24109979
1253262236
1919183773
2424605600
1328720802
2902989728
3166862244
245932966
333681575
3069287332
56583081
2753991594
57568171
591961008
454319025
8369072
3370791861
288863165
2644728767
2616542144
2919537601
1961886662
2858068935
1406661590
844544988
480080863
443616223
1314356191
60998626
280234981
2810014694
3496840172
3161240561
140116980
3265897460
3292693495
371590141
2766083068
1726477310
620762112
558363650
2244371460
15846407
27618312
193577994
3214814218
611793931
305798161
3161201690
25365536
3481955362
342848552
801999913
335029290
267344943
1345193010
3095688247
3298450495
3471656000
7861312
2984885314
254188613
245521477
388445255
323644494
3106362448
289459291
144837727
928291939
213312612
582990950
3359851
3046116459
2506081388
2785336429
443071598
2939683951
3413384299
2304791665
285801587
3289244786
52847728
2540420220
3201252478
1244695681
2973543553
2431845505
201215110
21378183
2659523720
391566474
958311564
362673297
154991762
1244458130
3322870932
3081284757
1135477909
160103576
2246780060
38192297
1217754282
2647821489
3245128882
2310843571
3560852657
546467003
345808059
951344317
221340863
2877889728
227538114
3571707076
3032702149
2901626052
3098698951
2352127176
2682232010
2498397392
37674194
721394899
2512891093
157525207
232508634
3432776925
231193823
1335520482
2490287334
1373560040
28003564
1411697900
157349102
3139241198
117652722
3239169267
42921216
306904321
3438320897
3233160450
2357918977
2431833348
2500885764
2174727435
2354640142
396772623
252472594
965651732
2805398804
414172436
3025612054
24585498
377093403
140076315
68521245
791262494
411870493
218463525
590163238
374471975
337898793
2198900011
1833561392
2395583792
334869810
2792635698
203296049
349494585
26565946
32615739
733822267
2441190715
23829822
177882435
1271129412
731790661
2844634438
3332812105
25521487
1936495952
1240261969
3168734545
411884885
544269657
2822317402
404485468
3148934491
718464350
1468124509
1696734564
252890468
1403782500
2905828709
3255629155
64488804
140105066
2446605680
27301234
3083439474
2538442098
2424311154
3138727283
338664822
191126907
2931713405
2752372094
723424640
73940352
2842465665
2296221059
848649608
546469258
394247562
48485771
3201826191
281460114
3044885906
2834421140
92689816
63485337
801166746
816612762
2784529820
2430553507
294933924
447669669
1380621738
1930937774
30563759
1132608944
1917668784
1555164594
2209838514
625276341
256296377
2292524472
263515580
742661564
92210631
3193069001
48442826
468970958
3265912274
3097961939
468833749
27502043
2971641311
2321896927
2736412127
160372195
2379359714
3497567716
3177950693
3102944751
2278911472
10671602
19150324
1967810047
2991422980
259089927
1273038344
63872521
39564811
2743191050
847916556
215318031
709690897
2233544209
1092959761
1252824596
831045140
2691300882
547583511
3308955162
2525795874
3232552482
3077152298
3167721006
83691058
2936403514
449160764
3039815228
3296280122
384888385
3290420801
2837556807
1465230924
3375740493
15674961
2557521
1421649492
14124631
2939229785
2334152282
3352950364
890027616
103915107
2953653860
733716074
164501099
2960889454
17372783
2358021744
217550451
22976125
101744264
66500235
1714310796
2533013143
2419144344
3381270172
2278219424
1864605349
67772073
2752405161
2935387818
3292171947
558610093
3068681906
419966645
379768504
1275059899
3187797690
876998334
1387843262
287659716
1401663176
2187755208
627562186
3437690572
81422029
1232197327
311731920
272676562
724487892
1611122390
1683523286
332011222
2409709272
25784027
2751882973
2900174559
543844065
1927980769
2643056355
31010533
109131496
1411550953
2327256809
516755179
781223659
27195114
855830258
219721462
554940152
572024575
56768257
2879915777
3369758465
462255875
2840979204
6039302
931219213
1541484302
3068808974
2336057101
26257166
1365387026
422586131
1037043476
3294052117
967130905
2793266969
628651806
1027192610
3243474721
207333157
17123112
2497414952
911720238
2168145710
1401349934
2775371571
1969542966
3278098230
78987071
520580930
30056262
346879832
172652376
1090434908
2784843611
789319518
100808540
2218889052
3386302300
2694913885
1083086684
2783330149
185059178
2990663530
411068268
264922989
2825820012
858552175
405698416
3027218287
5162861
3386857335
2521503607
2575806329
3226902394
3225970555
2475786108
1583452033
3035248514
3043032969
31289227
1041461131
2907594637
1051176847
3103936400
3166072737
2745712545
117764002
911001506
311048099
1567111081
470605739
3317890987
2238541740
29130669
2433204145
2608576436
599740341
1230792631
734306232
1888380860
2379911101
3299870657
3116824513
3083583427
1587058626
2268411842
17115086
595990481
362520529
561360857
3167391706
284018652
477130720
148119523
17919972
2362675172
2586773478
3300986855
2350804969
535861228
3307866096
291917810
622854132
145453045
