2183364607
1967810047
15485441
2244371460
2991422980
15846407
1273038344
3024519688
193577994
175624200
847916556
8369072
1092959761
3440206353
2691300882
611494423
547583511
412794906
3161201690
3197411867
2278300189
25365536
3232552482
3481955362
257591333
801999913
3077152298
1018954284
1120163887
83691058
513493043
415754294
2794707510
3095688247
3296280122
3298450495
3471656000
7861312
254188613
245521477
2718642758
2837556807
1366493766
3131587145
3238330442
1465230924
2565472332
323644494
558479952
3106362448
2557521
1421649492
14124631
2939229785
483412571
289459291
1668571230
2953653860
733716074
3359851
2329700463
52847728
324592242
3289244786
3296598131
1908889716
3406309499
261816444
22976125
3201252478
2431845505
62279814
21378183
101744264
362673297
3322870932
1135477909
1508258456
2533013143
160103576
2419144344
24742040
3381270172
1589629086
2295285918
2278219424
2394441889
1864605349
38192297
3292171947
167229618
3068681906
345993907
419966645
2503766709
19738805
1478199992
2454405816
379768504
3387527866
1576274108
951344317
259053759
221340863
2877889728
227538114
547029186
21447363
2664505542
3098698951
2187755208
1401663176
922302668
81422029
1232197327
2498397392
753758930
721394899
724487892
332011222
21842357
2409709272
232508634
3033549018
3244955868
231193823
2900174559
31010533
813286
27195114
3098165482
1411697900
157349102
2588803824
855830258
1865470706
117652722
489822966
42921216
306904321
2357918977
462255875
56768257
2840979204
2500885764
6039302
2851572487
1963667720
60467979
931219213
1541484302
3068808974
2336057101
2327245582
26257166
414172436
2805398804
3294052117
24585498
906392348
2764392733
628651806
3243474721
590163238
2497414952
96256810
2799221034
2324859692
911720238
1401349934
1833561392
203296049
2200333105
1642494258
428333
1969542966
26565946
720657211
733822267
2441190715
2513488189
78987071
569938751
520580930
177882435
521454404
259013445
2249481030
3332812105
2545004874
372652364
2898594124
133870413
23151437
1936495952
1240261969
898853714
3168734545
25521487
172652376
2822317402
1083086684
1468124509
2694913885
718225759
21154146
416907619
3255629155
2396793186
3430765413
64488804
140105066
2990663530
3068070250
5162861
2446605680
2606205812
338664822
2521503607
3225970555
3036213629
2752372094
1423475070
2350804969
535861228
3307866096
3161240561
3059536370
19150324
3265897460
2688946674
10671602
151859708
2416517628
212847101
1726477310
